    #         X           Y           Z       CHARGE      MIN DIST   ATOMIC VOL
 --------------------------------------------------------------------------------
    1 -483.726649  841.230842  609.987800    4.562231     0.937336    10.122756
    2 -178.401542  315.869455 1609.987800    4.562231     0.937336    10.122756
    3 -417.131838  736.569441 1009.987800    4.561782     0.939819    10.162102
    4 -172.318808  315.918989 1409.955000    4.529289     0.931532     9.822315
    5 -426.262377  741.798861  609.955000    4.529289     0.931532     9.822315
    6 -302.338368  530.660659 1409.987800    4.561782     0.939819    10.162102
    7 -299.327082  532.399296  409.987800    4.560582     0.948948    10.140996
    8 -114.818077  216.423860 1009.987800    4.560582     0.948948    10.140996
    9 -363.641903  633.583528    8.670200    7.512240     1.209328    97.804664
   10    4.967438    1.868600 1208.670200    7.512240     1.209328    97.807010
   11 -300.354284  527.016558 1008.687000    7.516207     1.193114    94.110776
   12 -422.437686  738.308077   11.487200    7.555053     1.107272    83.413456
   13 -231.729134  422.259858  611.338600    7.503086     1.194908    93.000473
   14 -180.346749  315.977530  611.360800    7.523699     1.197425    94.032083
   15 -297.163241  528.858978    8.687000    7.509355     1.196942    94.877904
   16 -230.843536  420.717370 1608.597000    7.491942     1.203687   107.297354
   17 -112.889014  212.835892 1008.597000    7.486522     1.189063   105.018118
   18 -416.252830  738.308077   11.360800    7.524107     1.208674    94.962330
   19    4.133959    3.312228 1411.487200    7.555053     1.107272    83.411632
   20 -416.095809  734.920552  211.338600    7.505523     1.192851    93.063271
   21 -487.630184  848.238694  808.597000    7.487405     1.203687   108.120244
   22    1.959477    7.078542 1008.687000    7.514126     1.196942    95.974397
   23 -303.398885  532.275930  408.597000    7.486522     1.189063   105.015252
   24 -183.537851  324.620238  811.338600    7.503086     1.194908    92.999951
   25 -367.725557  636.970948 1811.338600    7.503481     1.197203    93.678485
   26  -62.433402  111.835242 1411.338600    7.505523     1.192851    93.058580
   27 -294.149355  523.652806 1208.597000    7.491078     1.193482   109.808500
   28 -366.832583  635.432858 1008.597000    7.491078     1.193482   109.810324
   29 -236.883582  427.501950  808.670200    7.511089     1.198333    94.550103
   30 -534.221803  942.546712 1211.338600    7.507434     1.197203    94.139178
   31    1.041532    8.668470 1411.360800    7.524107     1.208674    94.957379
   32 -177.254321  321.333772  611.487200    7.554488     1.141412    82.564768
   33    3.023137    5.236228   11.830400    8.297789     0.922491   138.800939
 --------------------------------------------------------------------------------
    VACUUM CHARGE:               0.0000
    VACUUM VOLUME:               0.0000
    NUMBER OF ELECTRONS:       225.0000
