    #         X           Y           Z        CHARGE     ATOM    DISTANCE
  -------------------------------------------------------------------------
    1     -3.9301     10.4143      8.6000      7.4874      21      0.0282
    2     10.9841      1.8036      8.6000      7.4919      16      0.0282
    3      1.0413      1.8036     11.3333      7.5237      14      0.0275
    4      9.9428      0.0000     11.3333      7.5074      30      0.0263
    5     -1.9482      3.3745     11.3333      7.5031      13      0.0264
    6      8.0617      3.3745      8.6000      7.4865      17      0.0282
    7     -0.8734      5.2362      8.6667      7.5122       9      0.0086
    8      6.9868      5.2362     11.3333      7.5241      18      0.0275
    9     -4.0308      7.0980      8.6000      7.4911      28      0.0283
   10     -1.9482      7.0980     11.3333      7.5055      26      0.0263
   11      6.1135      6.9816     10.0000      4.5606       8      0.0153
   12     -4.9714      8.6107     11.3333      7.5035      25      0.0263
   13     -3.0231      8.7270      9.9333      4.5293       5      0.0217
   14      4.9714      8.6107      8.6667      7.5111      29      0.0088
   15     -0.0336      3.4326     10.0000      4.5622       1      0.0152
   16      0.8734      5.2362     11.4667      7.5551      12      0.0747
   17      3.8965      0.0000     11.3333      7.5031      24      0.0264
   18     -1.1085      8.6689      8.6000      7.4865      23      0.0282
   19      2.9895      1.6872     10.0000      4.5622       2      0.0152
   20      1.9482      3.3745      8.6667      7.5162      11      0.0302
   21     -0.0336      7.0398     10.0000      4.5618       6      0.0152
   22      3.0231      5.2362     11.8667      8.2978      33      0.0363
   23      4.0980      3.3745     11.4667      7.5551      19      0.0747
   24      1.0413      8.6689     11.3333      7.5241      31      0.0275
   25      1.9482      7.0980      8.6667      7.5141      22      0.0303
   26      4.9714      1.8618      8.6667      7.5122      10      0.0086
   27      7.1212      1.8618     11.3333      7.5055      20      0.0263
   28      5.1729      5.2362      8.6667      7.5094      15      0.0303
   29      8.1625      0.0582      8.6000      7.4911      27      0.0283
   30      6.1135      3.4908     10.0000      4.5618       3      0.0152
   31      4.0980      7.0980     11.4667      7.5545      32      0.0746
   32      2.9895      8.7852     10.0000      4.5606       7      0.0153
   33      9.0694      1.7454      9.9333      4.5293       4      0.0217
  -------------------------------------------------------------------------
